%YAML:1.0
---
cam1: !!opencv-matrix
   rows: 3
   cols: 3
   dt: d
   data: [ 1.4052443090803365e+03, 0., 3.1246575049159685e+02, 0.,
       1.4338614285756662e+03, -3.2709923873704618e+01, 0., 0., 1. ]
